date,new_cases,cumulative_cases
2020-01-27,0,0
2020-01-28,0,0
2020-02-04,0,0
2020-02-05,0,0
2020-02-07,0,0
2020-02-17,0,0
2020-02-21,0,0
2020-02-24,0,0
2020-02-25,0,0
2020-02-27,0,0
2020-02-28,0,0
2020-02-29,0,0
2020-03-01,0,0
2020-03-02,0,0
2020-03-03,0,0
2020-03-04,0,0
2020-03-05,0,0
2020-03-06,0,0
2020-03-07,0,0
2020-03-08,0,0
2020-03-09,0,0
2020-03-10,0,0
2020-03-11,0,0
2020-03-12,0,0
2020-03-13,0,0
2020-03-14,1,1
2020-03-15,0,1
2020-03-16,1,2
2020-03-17,0,2
2020-03-18,0,2
2020-03-19,6,8
2020-03-20,0,8
2020-03-21,17,25
2020-03-22,8,33
2020-03-23,32,65
2020-03-24,7,72
2020-03-25,14,86
2020-03-26,9,95
2020-03-27,9,104
2020-03-28,30,134
2020-03-29,22,156
2020-03-30,20,176
2020-03-31,8,184
2020-04-01,9,193
2020-04-02,13,206
2020-04-03,14,220
2020-04-04,11,231
2020-04-05,18,249
2020-04-06,4,253
2020-04-07,7,260
2020-04-08,11,271
2020-04-09,7,278
2020-04-10,7,285
2020-04-11,4,289
2020-04-12,9,298
2020-04-13,2,300
2020-04-14,1,301
2020-04-15,3,304
2020-04-16,1,305


