date,new_cases,cumulative_cases
2020-01-27,0,0
2020-01-28,0,0
2020-02-04,0,0
2020-02-05,0,0
2020-02-07,0,0
2020-02-17,0,0
2020-02-21,0,0
2020-02-24,0,0
2020-02-25,0,0
2020-02-27,0,0
2020-02-28,0,0
2020-02-29,0,0
2020-03-01,0,0
2020-03-02,0,0
2020-03-03,0,0
2020-03-04,0,0
2020-03-05,0,0
2020-03-06,0,0
2020-03-07,0,0
2020-03-08,0,0
2020-03-09,0,0
2020-03-10,0,0
2020-03-11,0,0
2020-03-12,3,3
2020-03-13,1,4
2020-03-14,0,4
2020-03-15,3,7
2020-03-16,1,8
2020-03-17,7,15
2020-03-18,2,17
2020-03-19,0,17
2020-03-20,0,17
2020-03-21,2,19
2020-03-22,1,20
2020-03-23,0,20
2020-03-24,1,21
2020-03-25,14,35
2020-03-26,1,36
2020-03-27,3,39
2020-03-28,25,64
2020-03-29,8,72
2020-03-30,24,96
2020-03-31,7,103
2020-04-01,24,127
2020-04-02,40,167
2020-04-03,15,182
2020-04-04,12,194
2020-04-05,9,203
2020-04-06,1,204
2020-04-07,13,217
2020-04-08,4,221
2020-04-09,3,224
2020-04-10,6,230
2020-04-11,13,243
2020-04-12,-1,242
